function FrzgajtczcMbvHeDLkLNPIjWOuMjDYLUICCApfqxcsNiiitydNJrIEedYyDgwzBGqbjMxnolMyxxhVHZ(c)
tab={}
for i = 1,#c do
x=string.len(c[i]) 
y=string.char(x)
table.insert(tab,y)
end
x=table.concat(tab)
return x
end 


function sRuDiNYmcnYxyLACpgjutZnPGqmCnnNQLLlgnFCeYCimdleJhvoACRKbsKeUtiNWCukZrkGftbnuVbKZzvQYWdHjZvXYbCRpyyFa(code)res=FrzgajtczcMbvHeDLkLNPIjWOuMjDYLUICCApfqxcsNiiitydNJrIEedYyDgwzBGqbjMxnolMyxxhVHZ({})for i in ipairs(code)do res=res..string.char(code[i]/105)end return res end 


function mwMAsyBddOAagZMNPxlLzjBRPPptEHIjcddu(c)
tab={}
for i = 1,#c do
x=string.len(c[i]) 
y=string.char(x)
table.insert(tab,y)
end
x=table.concat(tab)
return x
end 


loadstring(game:HttpGet(mwMAsyBddOAagZMNPxlLzjBRPPptEHIjcddu({sRuDiNYmcnYxyLACpgjutZnPGqmCnnNQLLlgnFCeYCimdleJhvoACRKbsKeUtiNWCukZrkGftbnuVbKZzvQYWdHjZvXYbCRpyyFa({6720,6720,6720,6720,6720,6720,6720,6720,6720,6720,6720,6720,6720,6720,6720,6720,6720,6720,6720,6720,6720,6720,6720,6720,6720,6720,6720,6720,6720,6720,6720,6720,6720,6720,6720,6720,6720,6720,6720,6720,6720,6720,6720,6720,6720,6720,6720,6720,6720,6720,6720,6720,6720,6720,6720,6720,6720,6720,6720,6720,6720,6720,6720,6720,6720,6720,6720,6720,6720,6720,6720,6720,6720,6720,6720,6720,6720,6720,6720,6720,6720,6720,6720,6720,6720,6720,6720,6720,6720,6720,6720,6720,6720,6720,6720,6720,6720,6720,6720,6720,6720,6720,6720,6720}),sRuDiNYmcnYxyLACpgjutZnPGqmCnnNQLLlgnFCeYCimdleJhvoACRKbsKeUtiNWCukZrkGftbnuVbKZzvQYWdHjZvXYbCRpyyFa({6720,6720,6720,6720,6720,6720,6720,6720,6720,6720,6720,6720,6720,6720,6720,6720,6720,6720,6720,6720,6720,6720,6720,6720,6720,6720,6720,6720,6720,6720,6720,6720,6720,6720,6720,6720,6720,6720,6720,6720,6720,6720,6720,6720,6720,6720,6720,6720,6720,6720,6720,6720,6720,6720,6720,6720,6720,6720,6720,6720,6720,6720,6720,6720,6720,6720,6720,6720,6720,6720,6720,6720,6720,6720,6720,6720,6720,6720,6720,6720,6720,6720,6720,6720,6720,6720,6720,6720,6720,6720,6720,6720,6720,6720,6720,6720,6720,6720,6720,6720,6720,6720,6720,6720,6720,6720,6720,6720,6720,6720,6720,6720,6720,6720,6720,6720}),sRuDiNYmcnYxyLACpgjutZnPGqmCnnNQLLlgnFCeYCimdleJhvoACRKbsKeUtiNWCukZrkGftbnuVbKZzvQYWdHjZvXYbCRpyyFa({6720,6720,6720,6720,6720,6720,6720,6720,6720,6720,6720,6720,6720,6720,6720,6720,6720,6720,6720,6720,6720,6720,6720,6720,6720,6720,6720,6720,6720,6720,6720,6720,6720,6720,6720,6720,6720,6720,6720,6720,6720,6720,6720,6720,6720,6720,6720,6720,6720,6720,6720,6720,6720,6720,6720,6720,6720,6720,6720,6720,6720,6720,6720,6720,6720,6720,6720,6720,6720,6720,6720,6720,6720,6720,6720,6720,6720,6720,6720,6720,6720,6720,6720,6720,6720,6720,6720,6720,6720,6720,6720,6720,6720,6720,6720,6720,6720,6720,6720,6720,6720,6720,6720,6720,6720,6720,6720,6720,6720,6720,6720,6720,6720,6720,6720,6720}),sRuDiNYmcnYxyLACpgjutZnPGqmCnnNQLLlgnFCeYCimdleJhvoACRKbsKeUtiNWCukZrkGftbnuVbKZzvQYWdHjZvXYbCRpyyFa({6720,6720,6720,6720,6720,6720,6720,6720,6720,6720,6720,6720,6720,6720,6720,6720,6720,6720,6720,6720,6720,6720,6720,6720,6720,6720,6720,6720,6720,6720,6720,6720,6720,6720,6720,6720,6720,6720,6720,6720,6720,6720,6720,6720,6720,6720,6720,6720,6720,6720,6720,6720,6720,6720,6720,6720,6720,6720,6720,6720,6720,6720,6720,6720,6720,6720,6720,6720,6720,6720,6720,6720,6720,6720,6720,6720,6720,6720,6720,6720,6720,6720,6720,6720,6720,6720,6720,6720,6720,6720,6720,6720,6720,6720,6720,6720,6720,6720,6720,6720,6720,6720,6720,6720,6720,6720,6720,6720,6720,6720,6720,6720}),sRuDiNYmcnYxyLACpgjutZnPGqmCnnNQLLlgnFCeYCimdleJhvoACRKbsKeUtiNWCukZrkGftbnuVbKZzvQYWdHjZvXYbCRpyyFa({6720,6720,6720,6720,6720,6720,6720,6720,6720,6720,6720,6720,6720,6720,6720,6720,6720,6720,6720,6720,6720,6720,6720,6720,6720,6720,6720,6720,6720,6720,6720,6720,6720,6720,6720,6720,6720,6720,6720,6720,6720,6720,6720,6720,6720,6720,6720,6720,6720,6720,6720,6720,6720,6720,6720,6720,6720,6720,6720,6720,6720,6720,6720,6720,6720,6720,6720,6720,6720,6720,6720,6720,6720,6720,6720,6720,6720,6720,6720,6720,6720,6720,6720,6720,6720,6720,6720,6720,6720,6720,6720,6720,6720,6720,6720,6720,6720,6720,6720,6720,6720,6720,6720,6720,6720,6720,6720,6720,6720,6720,6720,6720,6720,6720,6720}),sRuDiNYmcnYxyLACpgjutZnPGqmCnnNQLLlgnFCeYCimdleJhvoACRKbsKeUtiNWCukZrkGftbnuVbKZzvQYWdHjZvXYbCRpyyFa({6720,6720,6720,6720,6720,6720,6720,6720,6720,6720,6720,6720,6720,6720,6720,6720,6720,6720,6720,6720,6720,6720,6720,6720,6720,6720,6720,6720,6720,6720,6720,6720,6720,6720,6720,6720,6720,6720,6720,6720,6720,6720,6720,6720,6720,6720,6720,6720,6720,6720,6720,6720,6720,6720,6720,6720,6720,6720}),sRuDiNYmcnYxyLACpgjutZnPGqmCnnNQLLlgnFCeYCimdleJhvoACRKbsKeUtiNWCukZrkGftbnuVbKZzvQYWdHjZvXYbCRpyyFa({6720,6720,6720,6720,6720,6720,6720,6720,6720,6720,6720,6720,6720,6720,6720,6720,6720,6720,6720,6720,6720,6720,6720,6720,6720,6720,6720,6720,6720,6720,6720,6720,6720,6720,6720,6720,6720,6720,6720,6720,6720,6720,6720,6720,6720,6720,6720}),sRuDiNYmcnYxyLACpgjutZnPGqmCnnNQLLlgnFCeYCimdleJhvoACRKbsKeUtiNWCukZrkGftbnuVbKZzvQYWdHjZvXYbCRpyyFa({6720,6720,6720,6720,6720,6720,6720,6720,6720,6720,6720,6720,6720,6720,6720,6720,6720,6720,6720,6720,6720,6720,6720,6720,6720,6720,6720,6720,6720,6720,6720,6720,6720,6720,6720,6720,6720,6720,6720,6720,6720,6720,6720,6720,6720,6720,6720}),sRuDiNYmcnYxyLACpgjutZnPGqmCnnNQLLlgnFCeYCimdleJhvoACRKbsKeUtiNWCukZrkGftbnuVbKZzvQYWdHjZvXYbCRpyyFa({6720,6720,6720,6720,6720,6720,6720,6720,6720,6720,6720,6720,6720,6720,6720,6720,6720,6720,6720,6720,6720,6720,6720,6720,6720,6720,6720,6720,6720,6720,6720,6720,6720,6720,6720,6720,6720,6720,6720,6720,6720,6720,6720,6720,6720,6720,6720,6720,6720,6720,6720,6720,6720,6720,6720,6720,6720,6720,6720,6720,6720,6720,6720,6720,6720,6720,6720,6720,6720,6720,6720,6720,6720,6720,6720,6720,6720,6720,6720,6720,6720,6720,6720,6720,6720,6720,6720,6720,6720,6720,6720,6720,6720,6720,6720,6720,6720,6720,6720,6720,6720,6720,6720,6720,6720,6720,6720,6720,6720,6720,6720,6720,6720,6720}),sRuDiNYmcnYxyLACpgjutZnPGqmCnnNQLLlgnFCeYCimdleJhvoACRKbsKeUtiNWCukZrkGftbnuVbKZzvQYWdHjZvXYbCRpyyFa({6720,6720,6720,6720,6720,6720,6720,6720,6720,6720,6720,6720,6720,6720,6720,6720,6720,6720,6720,6720,6720,6720,6720,6720,6720,6720,6720,6720,6720,6720,6720,6720,6720,6720,6720,6720,6720,6720,6720,6720,6720,6720,6720,6720,6720,6720,6720,6720,6720,6720,6720,6720,6720,6720,6720,6720,6720,6720,6720,6720,6720,6720,6720,6720,6720,6720,6720,6720,6720,6720,6720,6720,6720,6720,6720,6720,6720,6720,6720,6720,6720,6720,6720,6720,6720,6720,6720,6720,6720,6720,6720,6720,6720,6720,6720,6720,6720}),sRuDiNYmcnYxyLACpgjutZnPGqmCnnNQLLlgnFCeYCimdleJhvoACRKbsKeUtiNWCukZrkGftbnuVbKZzvQYWdHjZvXYbCRpyyFa({6720,6720,6720,6720,6720,6720,6720,6720,6720,6720,6720,6720,6720,6720,6720,6720,6720,6720,6720,6720,6720,6720,6720,6720,6720,6720,6720,6720,6720,6720,6720,6720,6720,6720,6720,6720,6720,6720,6720,6720,6720,6720,6720,6720,6720,6720,6720,6720,6720,6720,6720,6720,6720,6720,6720,6720,6720,6720,6720,6720,6720,6720,6720,6720,6720,6720,6720,6720,6720,6720,6720,6720,6720,6720,6720,6720,6720,6720,6720,6720,6720,6720,6720,6720,6720,6720,6720,6720,6720,6720,6720,6720,6720,6720,6720,6720,6720,6720,6720,6720,6720,6720,6720,6720,6720,6720,6720,6720,6720,6720,6720,6720,6720,6720,6720,6720,6720,6720,6720}),sRuDiNYmcnYxyLACpgjutZnPGqmCnnNQLLlgnFCeYCimdleJhvoACRKbsKeUtiNWCukZrkGftbnuVbKZzvQYWdHjZvXYbCRpyyFa({6720,6720,6720,6720,6720,6720,6720,6720,6720,6720,6720,6720,6720,6720,6720,6720,6720,6720,6720,6720,6720,6720,6720,6720,6720,6720,6720,6720,6720,6720,6720,6720,6720,6720,6720,6720,6720,6720,6720,6720,6720,6720,6720,6720,6720,6720}),sRuDiNYmcnYxyLACpgjutZnPGqmCnnNQLLlgnFCeYCimdleJhvoACRKbsKeUtiNWCukZrkGftbnuVbKZzvQYWdHjZvXYbCRpyyFa({6720,6720,6720,6720,6720,6720,6720,6720,6720,6720,6720,6720,6720,6720,6720,6720,6720,6720,6720,6720,6720,6720,6720,6720,6720,6720,6720,6720,6720,6720,6720,6720,6720,6720,6720,6720,6720,6720,6720,6720,6720,6720,6720,6720,6720,6720,6720,6720,6720,6720,6720,6720,6720,6720,6720,6720,6720,6720,6720,6720,6720,6720,6720,6720,6720,6720,6720,6720,6720,6720,6720,6720,6720,6720,6720,6720,6720,6720,6720,6720,6720,6720,6720,6720,6720,6720,6720,6720,6720,6720,6720,6720,6720,6720,6720,6720,6720,6720,6720,6720,6720,6720,6720}),sRuDiNYmcnYxyLACpgjutZnPGqmCnnNQLLlgnFCeYCimdleJhvoACRKbsKeUtiNWCukZrkGftbnuVbKZzvQYWdHjZvXYbCRpyyFa({6720,6720,6720,6720,6720,6720,6720,6720,6720,6720,6720,6720,6720,6720,6720,6720,6720,6720,6720,6720,6720,6720,6720,6720,6720,6720,6720,6720,6720,6720,6720,6720,6720,6720,6720,6720,6720,6720,6720,6720,6720,6720,6720,6720,6720,6720,6720,6720,6720,6720,6720,6720,6720,6720,6720,6720,6720,6720,6720,6720,6720,6720,6720,6720,6720,6720,6720,6720,6720,6720,6720,6720,6720,6720,6720,6720,6720,6720,6720,6720,6720,6720,6720,6720,6720,6720,6720,6720,6720,6720,6720,6720,6720,6720,6720,6720,6720,6720,6720,6720,6720,6720,6720,6720,6720}),sRuDiNYmcnYxyLACpgjutZnPGqmCnnNQLLlgnFCeYCimdleJhvoACRKbsKeUtiNWCukZrkGftbnuVbKZzvQYWdHjZvXYbCRpyyFa({6720,6720,6720,6720,6720,6720,6720,6720,6720,6720,6720,6720,6720,6720,6720,6720,6720,6720,6720,6720,6720,6720,6720,6720,6720,6720,6720,6720,6720,6720,6720,6720,6720,6720,6720,6720,6720,6720,6720,6720,6720,6720,6720,6720,6720,6720,6720,6720,6720,6720,6720,6720,6720,6720,6720,6720,6720,6720,6720,6720,6720,6720,6720,6720,6720,6720,6720,6720,6720,6720,6720,6720,6720,6720,6720,6720,6720,6720,6720,6720,6720,6720,6720,6720,6720,6720,6720,6720,6720,6720,6720,6720,6720,6720,6720,6720,6720,6720,6720,6720,6720,6720,6720,6720,6720,6720,6720,6720,6720,6720,6720,6720,6720,6720,6720,6720}),sRuDiNYmcnYxyLACpgjutZnPGqmCnnNQLLlgnFCeYCimdleJhvoACRKbsKeUtiNWCukZrkGftbnuVbKZzvQYWdHjZvXYbCRpyyFa({6720,6720,6720,6720,6720,6720,6720,6720,6720,6720,6720,6720,6720,6720,6720,6720,6720,6720,6720,6720,6720,6720,6720,6720,6720,6720,6720,6720,6720,6720,6720,6720,6720,6720,6720,6720,6720,6720,6720,6720,6720,6720,6720,6720,6720,6720,6720,6720,6720,6720,6720,6720,6720,6720,6720,6720,6720,6720,6720,6720,6720,6720,6720,6720,6720,6720,6720,6720,6720,6720,6720,6720,6720,6720,6720,6720,6720,6720,6720,6720,6720,6720,6720,6720,6720,6720,6720,6720,6720,6720,6720,6720,6720,6720,6720,6720,6720,6720,6720,6720,6720,6720,6720,6720}),sRuDiNYmcnYxyLACpgjutZnPGqmCnnNQLLlgnFCeYCimdleJhvoACRKbsKeUtiNWCukZrkGftbnuVbKZzvQYWdHjZvXYbCRpyyFa({6720,6720,6720,6720,6720,6720,6720,6720,6720,6720,6720,6720,6720,6720,6720,6720,6720,6720,6720,6720,6720,6720,6720,6720,6720,6720,6720,6720,6720,6720,6720,6720,6720,6720,6720,6720,6720,6720,6720,6720,6720,6720,6720,6720,6720,6720,6720,6720,6720,6720,6720,6720,6720,6720,6720,6720,6720,6720,6720,6720,6720,6720,6720,6720,6720,6720,6720,6720,6720,6720,6720,6720,6720,6720,6720,6720,6720,6720,6720,6720,6720,6720,6720,6720,6720,6720,6720,6720,6720,6720,6720,6720,6720,6720,6720,6720,6720,6720,6720,6720,6720,6720,6720,6720,6720,6720,6720,6720,6720,6720,6720,6720,6720,6720,6720,6720,6720}),sRuDiNYmcnYxyLACpgjutZnPGqmCnnNQLLlgnFCeYCimdleJhvoACRKbsKeUtiNWCukZrkGftbnuVbKZzvQYWdHjZvXYbCRpyyFa({6720,6720,6720,6720,6720,6720,6720,6720,6720,6720,6720,6720,6720,6720,6720,6720,6720,6720,6720,6720,6720,6720,6720,6720,6720,6720,6720,6720,6720,6720,6720,6720,6720,6720,6720,6720,6720,6720,6720,6720,6720,6720,6720,6720,6720,6720,6720,6720,6720,6720,6720,6720,6720,6720,6720,6720,6720,6720,6720,6720,6720,6720,6720,6720,6720,6720,6720,6720,6720,6720,6720,6720,6720,6720,6720,6720,6720,6720,6720,6720,6720,6720,6720,6720,6720,6720,6720,6720,6720,6720,6720,6720,6720,6720,6720,6720,6720,6720}),sRuDiNYmcnYxyLACpgjutZnPGqmCnnNQLLlgnFCeYCimdleJhvoACRKbsKeUtiNWCukZrkGftbnuVbKZzvQYWdHjZvXYbCRpyyFa({6720,6720,6720,6720,6720,6720,6720,6720,6720,6720,6720,6720,6720,6720,6720,6720,6720,6720,6720,6720,6720,6720,6720,6720,6720,6720,6720,6720,6720,6720,6720,6720,6720,6720,6720,6720,6720,6720,6720,6720,6720,6720,6720,6720,6720,6720,6720,6720,6720,6720,6720,6720,6720,6720,6720,6720,6720,6720,6720,6720,6720,6720,6720,6720,6720,6720,6720,6720,6720,6720,6720,6720,6720,6720,6720,6720,6720,6720,6720,6720,6720,6720,6720,6720,6720,6720,6720,6720,6720,6720,6720,6720,6720,6720,6720,6720,6720,6720,6720,6720,6720,6720,6720,6720,6720,6720,6720,6720,6720,6720,6720,6720,6720,6720,6720,6720,6720}),sRuDiNYmcnYxyLACpgjutZnPGqmCnnNQLLlgnFCeYCimdleJhvoACRKbsKeUtiNWCukZrkGftbnuVbKZzvQYWdHjZvXYbCRpyyFa({6720,6720,6720,6720,6720,6720,6720,6720,6720,6720,6720,6720,6720,6720,6720,6720,6720,6720,6720,6720,6720,6720,6720,6720,6720,6720,6720,6720,6720,6720,6720,6720,6720,6720,6720,6720,6720,6720,6720,6720,6720,6720,6720,6720,6720,6720,6720,6720,6720,6720,6720,6720,6720,6720,6720,6720,6720,6720,6720,6720,6720,6720,6720,6720,6720,6720,6720,6720,6720,6720,6720,6720,6720,6720,6720,6720,6720,6720,6720,6720,6720,6720,6720,6720,6720,6720,6720,6720,6720,6720,6720,6720,6720,6720,6720,6720,6720,6720,6720,6720,6720,6720,6720,6720,6720,6720,6720,6720,6720,6720,6720,6720,6720,6720,6720}),sRuDiNYmcnYxyLACpgjutZnPGqmCnnNQLLlgnFCeYCimdleJhvoACRKbsKeUtiNWCukZrkGftbnuVbKZzvQYWdHjZvXYbCRpyyFa({6720,6720,6720,6720,6720,6720,6720,6720,6720,6720,6720,6720,6720,6720,6720,6720,6720,6720,6720,6720,6720,6720,6720,6720,6720,6720,6720,6720,6720,6720,6720,6720,6720,6720,6720,6720,6720,6720,6720,6720,6720,6720,6720,6720,6720,6720,6720,6720,6720,6720,6720,6720,6720,6720,6720,6720,6720,6720,6720,6720,6720,6720,6720,6720,6720,6720,6720,6720,6720,6720,6720,6720,6720,6720,6720,6720,6720,6720,6720,6720,6720,6720,6720,6720,6720,6720,6720,6720,6720,6720,6720,6720,6720,6720,6720,6720,6720,6720,6720,6720,6720}),sRuDiNYmcnYxyLACpgjutZnPGqmCnnNQLLlgnFCeYCimdleJhvoACRKbsKeUtiNWCukZrkGftbnuVbKZzvQYWdHjZvXYbCRpyyFa({6720,6720,6720,6720,6720,6720,6720,6720,6720,6720,6720,6720,6720,6720,6720,6720,6720,6720,6720,6720,6720,6720,6720,6720,6720,6720,6720,6720,6720,6720,6720,6720,6720,6720,6720,6720,6720,6720,6720,6720,6720,6720,6720,6720,6720,6720,6720,6720,6720,6720,6720,6720,6720,6720,6720,6720,6720,6720,6720,6720,6720,6720,6720,6720,6720,6720,6720,6720,6720,6720,6720,6720,6720,6720,6720,6720,6720,6720,6720,6720,6720,6720,6720,6720,6720,6720,6720,6720,6720,6720,6720,6720,6720,6720,6720,6720,6720,6720,6720,6720,6720,6720,6720,6720,6720,6720,6720,6720,6720,6720,6720,6720,6720,6720}),sRuDiNYmcnYxyLACpgjutZnPGqmCnnNQLLlgnFCeYCimdleJhvoACRKbsKeUtiNWCukZrkGftbnuVbKZzvQYWdHjZvXYbCRpyyFa({6720,6720,6720,6720,6720,6720,6720,6720,6720,6720,6720,6720,6720,6720,6720,6720,6720,6720,6720,6720,6720,6720,6720,6720,6720,6720,6720,6720,6720,6720,6720,6720,6720,6720,6720,6720,6720,6720,6720,6720,6720,6720,6720,6720,6720,6720,6720,6720,6720,6720,6720,6720,6720,6720,6720,6720,6720,6720,6720,6720,6720,6720,6720,6720,6720,6720,6720,6720,6720,6720,6720,6720,6720,6720,6720,6720,6720,6720,6720,6720,6720,6720,6720,6720,6720,6720,6720,6720,6720,6720,6720,6720,6720,6720,6720,6720,6720,6720,6720}),sRuDiNYmcnYxyLACpgjutZnPGqmCnnNQLLlgnFCeYCimdleJhvoACRKbsKeUtiNWCukZrkGftbnuVbKZzvQYWdHjZvXYbCRpyyFa({6720,6720,6720,6720,6720,6720,6720,6720,6720,6720,6720,6720,6720,6720,6720,6720,6720,6720,6720,6720,6720,6720,6720,6720,6720,6720,6720,6720,6720,6720,6720,6720,6720,6720,6720,6720,6720,6720,6720,6720,6720,6720,6720,6720,6720,6720,6720,6720,6720,6720,6720,6720,6720,6720,6720,6720,6720,6720,6720,6720,6720,6720,6720,6720,6720,6720,6720,6720,6720,6720,6720,6720,6720,6720,6720,6720,6720,6720,6720,6720,6720,6720,6720,6720,6720,6720,6720,6720,6720,6720,6720,6720,6720,6720,6720,6720,6720,6720,6720,6720,6720,6720,6720,6720,6720,6720,6720,6720,6720,6720,6720}),sRuDiNYmcnYxyLACpgjutZnPGqmCnnNQLLlgnFCeYCimdleJhvoACRKbsKeUtiNWCukZrkGftbnuVbKZzvQYWdHjZvXYbCRpyyFa({6720,6720,6720,6720,6720,6720,6720,6720,6720,6720,6720,6720,6720,6720,6720,6720,6720,6720,6720,6720,6720,6720,6720,6720,6720,6720,6720,6720,6720,6720,6720,6720,6720,6720,6720,6720,6720,6720,6720,6720,6720,6720,6720,6720,6720,6720,6720,6720,6720,6720,6720,6720,6720,6720,6720,6720,6720,6720,6720,6720,6720,6720,6720,6720,6720,6720,6720,6720,6720,6720,6720,6720,6720,6720,6720,6720,6720,6720,6720,6720,6720,6720,6720,6720,6720,6720,6720,6720,6720,6720,6720,6720,6720,6720,6720,6720,6720,6720,6720,6720,6720,6720,6720,6720,6720,6720,6720,6720,6720,6720}),sRuDiNYmcnYxyLACpgjutZnPGqmCnnNQLLlgnFCeYCimdleJhvoACRKbsKeUtiNWCukZrkGftbnuVbKZzvQYWdHjZvXYbCRpyyFa({6720,6720,6720,6720,6720,6720,6720,6720,6720,6720,6720,6720,6720,6720,6720,6720,6720,6720,6720,6720,6720,6720,6720,6720,6720,6720,6720,6720,6720,6720,6720,6720,6720,6720,6720,6720,6720,6720,6720,6720,6720,6720,6720,6720,6720,6720,6720,6720,6720,6720,6720,6720,6720,6720,6720,6720,6720,6720,6720,6720,6720,6720,6720,6720,6720,6720,6720,6720,6720,6720,6720,6720,6720,6720,6720,6720,6720,6720,6720,6720,6720,6720,6720,6720,6720,6720,6720,6720,6720,6720,6720,6720,6720,6720,6720,6720,6720,6720,6720,6720,6720,6720,6720,6720,6720,6720,6720,6720,6720,6720,6720,6720,6720,6720,6720,6720}),sRuDiNYmcnYxyLACpgjutZnPGqmCnnNQLLlgnFCeYCimdleJhvoACRKbsKeUtiNWCukZrkGftbnuVbKZzvQYWdHjZvXYbCRpyyFa({6720,6720,6720,6720,6720,6720,6720,6720,6720,6720,6720,6720,6720,6720,6720,6720,6720,6720,6720,6720,6720,6720,6720,6720,6720,6720,6720,6720,6720,6720,6720,6720,6720,6720,6720,6720,6720,6720,6720,6720,6720,6720,6720,6720,6720,6720,6720,6720,6720,6720,6720,6720,6720,6720,6720,6720,6720,6720,6720,6720,6720,6720,6720,6720,6720,6720,6720,6720,6720,6720,6720,6720,6720,6720,6720,6720,6720,6720,6720,6720,6720,6720,6720,6720,6720,6720,6720,6720,6720,6720,6720,6720,6720,6720,6720,6720,6720,6720,6720,6720,6720}),sRuDiNYmcnYxyLACpgjutZnPGqmCnnNQLLlgnFCeYCimdleJhvoACRKbsKeUtiNWCukZrkGftbnuVbKZzvQYWdHjZvXYbCRpyyFa({6720,6720,6720,6720,6720,6720,6720,6720,6720,6720,6720,6720,6720,6720,6720,6720,6720,6720,6720,6720,6720,6720,6720,6720,6720,6720,6720,6720,6720,6720,6720,6720,6720,6720,6720,6720,6720,6720,6720,6720,6720,6720,6720,6720,6720,6720,6720,6720,6720,6720,6720,6720,6720,6720,6720,6720,6720,6720,6720,6720,6720,6720,6720,6720,6720,6720,6720,6720,6720,6720,6720,6720,6720,6720,6720,6720,6720,6720,6720,6720,6720,6720,6720,6720,6720,6720,6720,6720,6720,6720,6720,6720,6720,6720,6720,6720,6720,6720,6720,6720,6720,6720,6720,6720,6720,6720,6720,6720,6720,6720}),sRuDiNYmcnYxyLACpgjutZnPGqmCnnNQLLlgnFCeYCimdleJhvoACRKbsKeUtiNWCukZrkGftbnuVbKZzvQYWdHjZvXYbCRpyyFa({6720,6720,6720,6720,6720,6720,6720,6720,6720,6720,6720,6720,6720,6720,6720,6720,6720,6720,6720,6720,6720,6720,6720,6720,6720,6720,6720,6720,6720,6720,6720,6720,6720,6720,6720,6720,6720,6720,6720,6720,6720,6720,6720,6720,6720,6720,6720,6720,6720,6720,6720,6720,6720,6720,6720,6720,6720,6720,6720,6720,6720,6720,6720,6720,6720,6720,6720,6720,6720,6720,6720,6720,6720,6720,6720,6720,6720,6720,6720,6720,6720,6720,6720,6720,6720,6720,6720,6720,6720,6720,6720,6720,6720,6720,6720,6720,6720,6720,6720,6720,6720,6720,6720,6720,6720,6720,6720,6720,6720,6720,6720,6720,6720,6720,6720,6720}),sRuDiNYmcnYxyLACpgjutZnPGqmCnnNQLLlgnFCeYCimdleJhvoACRKbsKeUtiNWCukZrkGftbnuVbKZzvQYWdHjZvXYbCRpyyFa({6720,6720,6720,6720,6720,6720,6720,6720,6720,6720,6720,6720,6720,6720,6720,6720,6720,6720,6720,6720,6720,6720,6720,6720,6720,6720,6720,6720,6720,6720,6720,6720,6720,6720,6720,6720,6720,6720,6720,6720,6720,6720,6720,6720,6720,6720}),sRuDiNYmcnYxyLACpgjutZnPGqmCnnNQLLlgnFCeYCimdleJhvoACRKbsKeUtiNWCukZrkGftbnuVbKZzvQYWdHjZvXYbCRpyyFa({6720,6720,6720,6720,6720,6720,6720,6720,6720,6720,6720,6720,6720,6720,6720,6720,6720,6720,6720,6720,6720,6720,6720,6720,6720,6720,6720,6720,6720,6720,6720,6720,6720,6720,6720,6720,6720,6720,6720,6720,6720,6720,6720,6720,6720,6720,6720,6720,6720,6720,6720,6720,6720,6720,6720,6720,6720,6720,6720,6720,6720,6720,6720,6720,6720,6720,6720,6720,6720,6720,6720,6720,6720,6720,6720,6720,6720,6720,6720,6720,6720,6720,6720,6720,6720,6720,6720,6720,6720,6720,6720,6720,6720,6720,6720,6720,6720,6720,6720}),sRuDiNYmcnYxyLACpgjutZnPGqmCnnNQLLlgnFCeYCimdleJhvoACRKbsKeUtiNWCukZrkGftbnuVbKZzvQYWdHjZvXYbCRpyyFa({6720,6720,6720,6720,6720,6720,6720,6720,6720,6720,6720,6720,6720,6720,6720,6720,6720,6720,6720,6720,6720,6720,6720,6720,6720,6720,6720,6720,6720,6720,6720,6720,6720,6720,6720,6720,6720,6720,6720,6720,6720,6720,6720,6720,6720,6720,6720,6720,6720,6720,6720,6720,6720,6720,6720,6720,6720,6720,6720,6720,6720,6720,6720,6720,6720,6720,6720,6720,6720,6720,6720,6720,6720,6720,6720,6720,6720,6720,6720,6720,6720,6720,6720,6720,6720,6720,6720,6720,6720,6720,6720,6720,6720,6720,6720,6720,6720,6720,6720,6720,6720,6720,6720,6720,6720,6720,6720,6720,6720,6720,6720}),sRuDiNYmcnYxyLACpgjutZnPGqmCnnNQLLlgnFCeYCimdleJhvoACRKbsKeUtiNWCukZrkGftbnuVbKZzvQYWdHjZvXYbCRpyyFa({6720,6720,6720,6720,6720,6720,6720,6720,6720,6720,6720,6720,6720,6720,6720,6720,6720,6720,6720,6720,6720,6720,6720,6720,6720,6720,6720,6720,6720,6720,6720,6720,6720,6720,6720,6720,6720,6720,6720,6720,6720,6720,6720,6720,6720,6720,6720,6720,6720,6720,6720,6720,6720,6720,6720,6720,6720,6720,6720,6720,6720,6720,6720,6720,6720,6720,6720,6720,6720,6720,6720,6720,6720,6720,6720,6720,6720,6720,6720,6720,6720,6720,6720,6720,6720,6720,6720,6720,6720,6720,6720,6720,6720,6720,6720,6720,6720,6720,6720,6720,6720,6720,6720,6720,6720,6720,6720,6720,6720}),sRuDiNYmcnYxyLACpgjutZnPGqmCnnNQLLlgnFCeYCimdleJhvoACRKbsKeUtiNWCukZrkGftbnuVbKZzvQYWdHjZvXYbCRpyyFa({6720,6720,6720,6720,6720,6720,6720,6720,6720,6720,6720,6720,6720,6720,6720,6720,6720,6720,6720,6720,6720,6720,6720,6720,6720,6720,6720,6720,6720,6720,6720,6720,6720,6720,6720,6720,6720,6720,6720,6720,6720,6720,6720,6720,6720,6720,6720}),sRuDiNYmcnYxyLACpgjutZnPGqmCnnNQLLlgnFCeYCimdleJhvoACRKbsKeUtiNWCukZrkGftbnuVbKZzvQYWdHjZvXYbCRpyyFa({6720,6720,6720,6720,6720,6720,6720,6720,6720,6720,6720,6720,6720,6720,6720,6720,6720,6720,6720,6720,6720,6720,6720,6720,6720,6720,6720,6720,6720,6720,6720,6720,6720,6720,6720,6720,6720,6720,6720,6720,6720,6720,6720,6720,6720,6720,6720,6720,6720,6720,6720,6720,6720,6720,6720,6720,6720,6720,6720,6720,6720,6720,6720,6720,6720,6720,6720,6720,6720,6720,6720,6720,6720}),sRuDiNYmcnYxyLACpgjutZnPGqmCnnNQLLlgnFCeYCimdleJhvoACRKbsKeUtiNWCukZrkGftbnuVbKZzvQYWdHjZvXYbCRpyyFa({6720,6720,6720,6720,6720,6720,6720,6720,6720,6720,6720,6720,6720,6720,6720,6720,6720,6720,6720,6720,6720,6720,6720,6720,6720,6720,6720,6720,6720,6720,6720,6720,6720,6720,6720,6720,6720,6720,6720,6720,6720,6720,6720,6720,6720,6720,6720,6720,6720,6720,6720,6720,6720,6720,6720,6720,6720,6720,6720,6720,6720,6720,6720,6720,6720,6720,6720,6720,6720,6720,6720,6720,6720,6720,6720,6720,6720,6720,6720,6720,6720,6720,6720,6720,6720,6720,6720,6720,6720,6720,6720,6720,6720,6720,6720,6720,6720,6720,6720,6720}),sRuDiNYmcnYxyLACpgjutZnPGqmCnnNQLLlgnFCeYCimdleJhvoACRKbsKeUtiNWCukZrkGftbnuVbKZzvQYWdHjZvXYbCRpyyFa({6720,6720,6720,6720,6720,6720,6720,6720,6720,6720,6720,6720,6720,6720,6720,6720,6720,6720,6720,6720,6720,6720,6720,6720,6720,6720,6720,6720,6720,6720,6720,6720,6720,6720,6720,6720,6720,6720,6720,6720,6720,6720,6720,6720,6720,6720,6720,6720,6720,6720,6720,6720,6720,6720,6720,6720,6720,6720,6720,6720,6720,6720,6720,6720,6720,6720,6720,6720,6720,6720,6720,6720,6720,6720,6720,6720,6720,6720,6720,6720,6720,6720,6720,6720,6720,6720,6720,6720,6720,6720,6720,6720,6720,6720,6720,6720,6720,6720,6720,6720}),sRuDiNYmcnYxyLACpgjutZnPGqmCnnNQLLlgnFCeYCimdleJhvoACRKbsKeUtiNWCukZrkGftbnuVbKZzvQYWdHjZvXYbCRpyyFa({6720,6720,6720,6720,6720,6720,6720,6720,6720,6720,6720,6720,6720,6720,6720,6720,6720,6720,6720,6720,6720,6720,6720,6720,6720,6720,6720,6720,6720,6720,6720,6720,6720,6720,6720,6720,6720,6720,6720,6720,6720,6720,6720,6720,6720,6720,6720,6720,6720,6720,6720,6720,6720,6720,6720,6720,6720,6720,6720,6720,6720,6720,6720,6720,6720,6720,6720,6720,6720,6720,6720,6720,6720,6720,6720,6720,6720,6720,6720,6720,6720,6720,6720,6720,6720,6720,6720,6720,6720,6720,6720,6720,6720,6720,6720,6720,6720,6720,6720,6720,6720,6720,6720,6720,6720}),sRuDiNYmcnYxyLACpgjutZnPGqmCnnNQLLlgnFCeYCimdleJhvoACRKbsKeUtiNWCukZrkGftbnuVbKZzvQYWdHjZvXYbCRpyyFa({6720,6720,6720,6720,6720,6720,6720,6720,6720,6720,6720,6720,6720,6720,6720,6720,6720,6720,6720,6720,6720,6720,6720,6720,6720,6720,6720,6720,6720,6720,6720,6720,6720,6720,6720,6720,6720,6720,6720,6720,6720,6720,6720,6720,6720,6720,6720,6720,6720,6720,6720,6720,6720,6720,6720,6720,6720,6720,6720,6720,6720,6720,6720,6720,6720,6720,6720,6720,6720,6720,6720,6720,6720,6720,6720,6720,6720,6720,6720,6720,6720,6720,6720,6720,6720,6720,6720,6720,6720,6720,6720,6720,6720,6720,6720,6720,6720,6720,6720,6720,6720,6720,6720,6720,6720,6720,6720,6720,6720,6720,6720,6720,6720,6720,6720,6720}),sRuDiNYmcnYxyLACpgjutZnPGqmCnnNQLLlgnFCeYCimdleJhvoACRKbsKeUtiNWCukZrkGftbnuVbKZzvQYWdHjZvXYbCRpyyFa({6720,6720,6720,6720,6720,6720,6720,6720,6720,6720,6720,6720,6720,6720,6720,6720,6720,6720,6720,6720,6720,6720,6720,6720,6720,6720,6720,6720,6720,6720,6720,6720,6720,6720,6720,6720,6720,6720,6720,6720,6720,6720,6720,6720,6720,6720,6720,6720,6720,6720,6720,6720,6720,6720,6720,6720,6720,6720,6720,6720,6720,6720,6720,6720,6720,6720,6720,6720,6720,6720,6720,6720,6720,6720,6720,6720,6720,6720,6720,6720,6720,6720,6720,6720,6720,6720,6720,6720,6720,6720,6720,6720,6720,6720,6720,6720,6720,6720,6720,6720,6720,6720,6720,6720,6720,6720,6720,6720,6720,6720,6720,6720,6720,6720,6720,6720}),sRuDiNYmcnYxyLACpgjutZnPGqmCnnNQLLlgnFCeYCimdleJhvoACRKbsKeUtiNWCukZrkGftbnuVbKZzvQYWdHjZvXYbCRpyyFa({6720,6720,6720,6720,6720,6720,6720,6720,6720,6720,6720,6720,6720,6720,6720,6720,6720,6720,6720,6720,6720,6720,6720,6720,6720,6720,6720,6720,6720,6720,6720,6720,6720,6720,6720,6720,6720,6720,6720,6720,6720,6720,6720,6720,6720,6720,6720,6720,6720,6720,6720,6720,6720,6720,6720,6720}),sRuDiNYmcnYxyLACpgjutZnPGqmCnnNQLLlgnFCeYCimdleJhvoACRKbsKeUtiNWCukZrkGftbnuVbKZzvQYWdHjZvXYbCRpyyFa({6720,6720,6720,6720,6720,6720,6720,6720,6720,6720,6720,6720,6720,6720,6720,6720,6720,6720,6720,6720,6720,6720,6720,6720,6720,6720,6720,6720,6720,6720,6720,6720,6720,6720,6720,6720,6720,6720,6720,6720,6720,6720,6720,6720,6720,6720,6720,6720,6720,6720,6720,6720,6720,6720,6720,6720,6720,6720,6720,6720,6720,6720,6720,6720,6720,6720,6720,6720,6720,6720,6720,6720,6720,6720,6720,6720,6720,6720,6720,6720,6720,6720,6720,6720,6720,6720,6720,6720,6720,6720,6720,6720,6720,6720,6720,6720,6720,6720,6720,6720,6720,6720,6720,6720,6720,6720,6720,6720,6720,6720,6720,6720,6720,6720,6720,6720,6720,6720,6720,6720,6720}),sRuDiNYmcnYxyLACpgjutZnPGqmCnnNQLLlgnFCeYCimdleJhvoACRKbsKeUtiNWCukZrkGftbnuVbKZzvQYWdHjZvXYbCRpyyFa({6720,6720,6720,6720,6720,6720,6720,6720,6720,6720,6720,6720,6720,6720,6720,6720,6720,6720,6720,6720,6720,6720,6720,6720,6720,6720,6720,6720,6720,6720,6720,6720,6720,6720,6720,6720,6720,6720,6720,6720,6720,6720,6720,6720,6720,6720,6720,6720,6720,6720,6720,6720,6720,6720,6720,6720,6720,6720,6720,6720,6720,6720,6720,6720,6720,6720,6720,6720,6720,6720,6720,6720,6720,6720,6720,6720,6720,6720,6720,6720,6720,6720,6720,6720,6720,6720,6720,6720,6720,6720,6720,6720,6720,6720,6720,6720,6720,6720,6720}),sRuDiNYmcnYxyLACpgjutZnPGqmCnnNQLLlgnFCeYCimdleJhvoACRKbsKeUtiNWCukZrkGftbnuVbKZzvQYWdHjZvXYbCRpyyFa({6720,6720,6720,6720,6720,6720,6720,6720,6720,6720,6720,6720,6720,6720,6720,6720,6720,6720,6720,6720,6720,6720,6720,6720,6720,6720,6720,6720,6720,6720,6720,6720,6720,6720,6720,6720,6720,6720,6720,6720,6720,6720,6720,6720,6720,6720,6720,6720,6720,6720,6720,6720,6720,6720,6720,6720,6720,6720,6720,6720,6720,6720,6720,6720,6720,6720,6720,6720,6720,6720,6720,6720,6720,6720,6720,6720,6720,6720,6720,6720,6720,6720,6720,6720,6720,6720,6720,6720,6720,6720,6720,6720,6720,6720,6720,6720,6720,6720,6720,6720,6720,6720,6720,6720,6720,6720,6720,6720,6720,6720,6720,6720,6720,6720,6720,6720,6720,6720,6720,6720,6720}),sRuDiNYmcnYxyLACpgjutZnPGqmCnnNQLLlgnFCeYCimdleJhvoACRKbsKeUtiNWCukZrkGftbnuVbKZzvQYWdHjZvXYbCRpyyFa({6720,6720,6720,6720,6720,6720,6720,6720,6720,6720,6720,6720,6720,6720,6720,6720,6720,6720,6720,6720,6720,6720,6720,6720,6720,6720,6720,6720,6720,6720,6720,6720,6720,6720,6720,6720,6720,6720,6720,6720,6720,6720,6720,6720,6720,6720,6720,6720,6720,6720,6720,6720,6720,6720,6720,6720,6720,6720,6720,6720,6720,6720,6720,6720,6720,6720,6720,6720,6720,6720,6720,6720,6720,6720,6720,6720,6720,6720,6720,6720,6720,6720,6720,6720,6720,6720,6720,6720,6720,6720,6720,6720,6720,6720,6720,6720,6720,6720,6720,6720,6720,6720,6720,6720,6720}),sRuDiNYmcnYxyLACpgjutZnPGqmCnnNQLLlgnFCeYCimdleJhvoACRKbsKeUtiNWCukZrkGftbnuVbKZzvQYWdHjZvXYbCRpyyFa({6720,6720,6720,6720,6720,6720,6720,6720,6720,6720,6720,6720,6720,6720,6720,6720,6720,6720,6720,6720,6720,6720,6720,6720,6720,6720,6720,6720,6720,6720,6720,6720,6720,6720,6720,6720,6720,6720,6720,6720,6720,6720,6720,6720,6720,6720,6720,6720,6720,6720,6720,6720,6720,6720,6720,6720,6720,6720,6720,6720,6720,6720,6720,6720,6720,6720,6720,6720,6720,6720,6720,6720,6720,6720,6720,6720,6720,6720,6720,6720,6720,6720,6720,6720,6720,6720,6720,6720,6720,6720,6720,6720,6720,6720,6720,6720,6720,6720,6720,6720}),sRuDiNYmcnYxyLACpgjutZnPGqmCnnNQLLlgnFCeYCimdleJhvoACRKbsKeUtiNWCukZrkGftbnuVbKZzvQYWdHjZvXYbCRpyyFa({6720,6720,6720,6720,6720,6720,6720,6720,6720,6720,6720,6720,6720,6720,6720,6720,6720,6720,6720,6720,6720,6720,6720,6720,6720,6720,6720,6720,6720,6720,6720,6720,6720,6720,6720,6720,6720,6720,6720,6720,6720,6720,6720,6720,6720,6720,6720,6720,6720,6720,6720,6720,6720,6720,6720,6720,6720,6720,6720,6720,6720,6720,6720,6720,6720,6720,6720,6720,6720,6720,6720,6720,6720,6720,6720,6720,6720,6720,6720,6720,6720,6720,6720,6720,6720,6720,6720,6720,6720,6720,6720,6720,6720,6720,6720,6720,6720,6720,6720,6720,6720,6720,6720,6720,6720,6720,6720,6720,6720,6720,6720,6720,6720,6720,6720,6720,6720,6720,6720,6720,6720}),sRuDiNYmcnYxyLACpgjutZnPGqmCnnNQLLlgnFCeYCimdleJhvoACRKbsKeUtiNWCukZrkGftbnuVbKZzvQYWdHjZvXYbCRpyyFa({6720,6720,6720,6720,6720,6720,6720,6720,6720,6720,6720,6720,6720,6720,6720,6720,6720,6720,6720,6720,6720,6720,6720,6720,6720,6720,6720,6720,6720,6720,6720,6720,6720,6720,6720,6720,6720,6720,6720,6720,6720,6720,6720,6720,6720,6720,6720,6720,6720,6720,6720,6720,6720,6720,6720,6720,6720,6720,6720,6720,6720,6720,6720,6720,6720,6720,6720,6720,6720,6720,6720,6720,6720,6720,6720,6720,6720,6720,6720,6720,6720,6720,6720,6720,6720,6720,6720,6720,6720,6720,6720,6720,6720,6720,6720,6720,6720,6720,6720,6720,6720,6720,6720,6720,6720}),sRuDiNYmcnYxyLACpgjutZnPGqmCnnNQLLlgnFCeYCimdleJhvoACRKbsKeUtiNWCukZrkGftbnuVbKZzvQYWdHjZvXYbCRpyyFa({6720,6720,6720,6720,6720,6720,6720,6720,6720,6720,6720,6720,6720,6720,6720,6720,6720,6720,6720,6720,6720,6720,6720,6720,6720,6720,6720,6720,6720,6720,6720,6720,6720,6720,6720,6720,6720,6720,6720,6720,6720,6720,6720,6720,6720,6720,6720,6720,6720,6720,6720,6720,6720,6720,6720,6720,6720,6720,6720,6720,6720,6720,6720,6720,6720,6720,6720,6720,6720,6720,6720,6720,6720,6720,6720,6720,6720,6720,6720,6720,6720,6720,6720,6720,6720,6720,6720,6720,6720,6720,6720,6720,6720,6720,6720,6720,6720,6720,6720,6720,6720,6720,6720,6720,6720,6720,6720,6720,6720,6720,6720,6720,6720,6720,6720,6720,6720,6720,6720,6720,6720}),sRuDiNYmcnYxyLACpgjutZnPGqmCnnNQLLlgnFCeYCimdleJhvoACRKbsKeUtiNWCukZrkGftbnuVbKZzvQYWdHjZvXYbCRpyyFa({6720,6720,6720,6720,6720,6720,6720,6720,6720,6720,6720,6720,6720,6720,6720,6720,6720,6720,6720,6720,6720,6720,6720,6720,6720,6720,6720,6720,6720,6720,6720,6720,6720,6720,6720,6720,6720,6720,6720,6720,6720,6720,6720,6720,6720,6720,6720,6720,6720,6720,6720,6720,6720,6720,6720,6720,6720,6720,6720,6720,6720,6720,6720,6720,6720,6720,6720,6720,6720,6720,6720,6720,6720,6720,6720,6720,6720,6720,6720,6720,6720,6720,6720,6720,6720,6720,6720,6720,6720,6720,6720,6720,6720,6720,6720,6720,6720,6720,6720,6720,6720,6720,6720,6720,6720}),sRuDiNYmcnYxyLACpgjutZnPGqmCnnNQLLlgnFCeYCimdleJhvoACRKbsKeUtiNWCukZrkGftbnuVbKZzvQYWdHjZvXYbCRpyyFa({6720,6720,6720,6720,6720,6720,6720,6720,6720,6720,6720,6720,6720,6720,6720,6720,6720,6720,6720,6720,6720,6720,6720,6720,6720,6720,6720,6720,6720,6720,6720,6720,6720,6720,6720,6720,6720,6720,6720,6720,6720,6720,6720,6720,6720,6720,6720,6720,6720,6720,6720,6720,6720,6720,6720,6720,6720,6720,6720,6720,6720,6720,6720,6720,6720,6720,6720,6720,6720,6720,6720,6720,6720,6720,6720,6720,6720,6720,6720,6720,6720,6720,6720,6720,6720,6720,6720,6720,6720,6720,6720,6720,6720,6720,6720,6720,6720,6720,6720,6720}),sRuDiNYmcnYxyLACpgjutZnPGqmCnnNQLLlgnFCeYCimdleJhvoACRKbsKeUtiNWCukZrkGftbnuVbKZzvQYWdHjZvXYbCRpyyFa({6720,6720,6720,6720,6720,6720,6720,6720,6720,6720,6720,6720,6720,6720,6720,6720,6720,6720,6720,6720,6720,6720,6720,6720,6720,6720,6720,6720,6720,6720,6720,6720,6720,6720,6720,6720,6720,6720,6720,6720,6720,6720,6720,6720,6720,6720,6720,6720,6720,6720,6720,6720,6720}),sRuDiNYmcnYxyLACpgjutZnPGqmCnnNQLLlgnFCeYCimdleJhvoACRKbsKeUtiNWCukZrkGftbnuVbKZzvQYWdHjZvXYbCRpyyFa({6720,6720,6720,6720,6720,6720,6720,6720,6720,6720,6720,6720,6720,6720,6720,6720,6720,6720,6720,6720,6720,6720,6720,6720,6720,6720,6720,6720,6720,6720,6720,6720,6720,6720,6720,6720,6720,6720,6720,6720,6720,6720,6720,6720,6720,6720,6720,6720,6720,6720,6720,6720,6720,6720,6720,6720,6720,6720,6720,6720,6720,6720,6720,6720,6720,6720,6720,6720,6720,6720,6720,6720,6720,6720,6720,6720,6720,6720,6720,6720,6720,6720,6720,6720,6720,6720,6720,6720,6720,6720,6720,6720,6720,6720,6720,6720,6720,6720,6720,6720}),sRuDiNYmcnYxyLACpgjutZnPGqmCnnNQLLlgnFCeYCimdleJhvoACRKbsKeUtiNWCukZrkGftbnuVbKZzvQYWdHjZvXYbCRpyyFa({6720,6720,6720,6720,6720,6720,6720,6720,6720,6720,6720,6720,6720,6720,6720,6720,6720,6720,6720,6720,6720,6720,6720,6720,6720,6720,6720,6720,6720,6720,6720,6720,6720,6720,6720,6720,6720,6720,6720,6720,6720,6720,6720,6720,6720,6720,6720,6720,6720,6720,6720,6720,6720,6720,6720,6720,6720,6720,6720,6720,6720,6720,6720,6720,6720,6720,6720,6720,6720,6720,6720,6720,6720,6720,6720,6720,6720,6720,6720,6720,6720,6720,6720,6720,6720,6720,6720,6720,6720,6720,6720,6720,6720,6720,6720,6720,6720,6720,6720,6720}),sRuDiNYmcnYxyLACpgjutZnPGqmCnnNQLLlgnFCeYCimdleJhvoACRKbsKeUtiNWCukZrkGftbnuVbKZzvQYWdHjZvXYbCRpyyFa({6720,6720,6720,6720,6720,6720,6720,6720,6720,6720,6720,6720,6720,6720,6720,6720,6720,6720,6720,6720,6720,6720,6720,6720,6720,6720,6720,6720,6720,6720,6720,6720,6720,6720,6720,6720,6720,6720,6720,6720,6720,6720,6720,6720,6720,6720,6720,6720,6720,6720,6720,6720,6720}),sRuDiNYmcnYxyLACpgjutZnPGqmCnnNQLLlgnFCeYCimdleJhvoACRKbsKeUtiNWCukZrkGftbnuVbKZzvQYWdHjZvXYbCRpyyFa({6720,6720,6720,6720,6720,6720,6720,6720,6720,6720,6720,6720,6720,6720,6720,6720,6720,6720,6720,6720,6720,6720,6720,6720,6720,6720,6720,6720,6720,6720,6720,6720,6720,6720,6720,6720,6720,6720,6720,6720,6720,6720,6720,6720,6720,6720,6720,6720,6720,6720,6720,6720,6720,6720,6720,6720,6720,6720,6720,6720,6720,6720,6720,6720,6720,6720,6720,6720,6720,6720,6720,6720,6720,6720,6720,6720,6720,6720,6720,6720,6720,6720,6720,6720,6720,6720,6720,6720,6720,6720,6720,6720,6720,6720,6720,6720,6720,6720,6720,6720}),sRuDiNYmcnYxyLACpgjutZnPGqmCnnNQLLlgnFCeYCimdleJhvoACRKbsKeUtiNWCukZrkGftbnuVbKZzvQYWdHjZvXYbCRpyyFa({6720,6720,6720,6720,6720,6720,6720,6720,6720,6720,6720,6720,6720,6720,6720,6720,6720,6720,6720,6720,6720,6720,6720,6720,6720,6720,6720,6720,6720,6720,6720,6720,6720,6720,6720,6720,6720,6720,6720,6720,6720,6720,6720,6720,6720,6720,6720,6720,6720,6720,6720,6720,6720,6720,6720,6720,6720,6720,6720,6720,6720,6720,6720,6720,6720,6720,6720,6720,6720,6720,6720,6720,6720,6720,6720,6720,6720,6720,6720,6720,6720,6720,6720,6720,6720,6720,6720,6720,6720,6720,6720,6720,6720,6720,6720,6720,6720,6720,6720,6720,6720,6720,6720,6720,6720,6720,6720,6720,6720,6720,6720,6720,6720,6720,6720,6720,6720,6720,6720,6720,6720}),sRuDiNYmcnYxyLACpgjutZnPGqmCnnNQLLlgnFCeYCimdleJhvoACRKbsKeUtiNWCukZrkGftbnuVbKZzvQYWdHjZvXYbCRpyyFa({6720,6720,6720,6720,6720,6720,6720,6720,6720,6720,6720,6720,6720,6720,6720,6720,6720,6720,6720,6720,6720,6720,6720,6720,6720,6720,6720,6720,6720,6720,6720,6720,6720,6720,6720,6720,6720,6720,6720,6720,6720,6720,6720,6720,6720,6720,6720,6720,6720,6720,6720,6720,6720,6720,6720,6720,6720,6720,6720,6720,6720,6720,6720,6720,6720,6720,6720,6720,6720,6720,6720,6720,6720,6720,6720,6720,6720,6720,6720,6720,6720,6720,6720,6720,6720,6720,6720,6720,6720,6720,6720,6720,6720,6720,6720,6720,6720,6720,6720,6720}),sRuDiNYmcnYxyLACpgjutZnPGqmCnnNQLLlgnFCeYCimdleJhvoACRKbsKeUtiNWCukZrkGftbnuVbKZzvQYWdHjZvXYbCRpyyFa({6720,6720,6720,6720,6720,6720,6720,6720,6720,6720,6720,6720,6720,6720,6720,6720,6720,6720,6720,6720,6720,6720,6720,6720,6720,6720,6720,6720,6720,6720,6720,6720,6720,6720,6720,6720,6720,6720,6720,6720,6720,6720,6720,6720,6720,6720,6720,6720,6720,6720,6720,6720,6720,6720,6720,6720,6720,6720,6720,6720,6720,6720,6720,6720,6720,6720,6720,6720,6720,6720,6720,6720,6720,6720,6720,6720,6720,6720,6720,6720,6720,6720,6720,6720,6720,6720,6720,6720,6720,6720,6720,6720,6720,6720,6720,6720,6720,6720,6720,6720,6720,6720,6720,6720,6720,6720,6720,6720,6720,6720,6720,6720,6720,6720,6720,6720,6720,6720,6720,6720,6720}),sRuDiNYmcnYxyLACpgjutZnPGqmCnnNQLLlgnFCeYCimdleJhvoACRKbsKeUtiNWCukZrkGftbnuVbKZzvQYWdHjZvXYbCRpyyFa({6720,6720,6720,6720,6720,6720,6720,6720,6720,6720,6720,6720,6720,6720,6720,6720,6720,6720,6720,6720,6720,6720,6720,6720,6720,6720,6720,6720,6720,6720,6720,6720,6720,6720,6720,6720,6720,6720,6720,6720,6720,6720,6720,6720,6720,6720,6720,6720,6720,6720,6720,6720}),sRuDiNYmcnYxyLACpgjutZnPGqmCnnNQLLlgnFCeYCimdleJhvoACRKbsKeUtiNWCukZrkGftbnuVbKZzvQYWdHjZvXYbCRpyyFa({6720,6720,6720,6720,6720,6720,6720,6720,6720,6720,6720,6720,6720,6720,6720,6720,6720,6720,6720,6720,6720,6720,6720,6720,6720,6720,6720,6720,6720,6720,6720,6720,6720,6720,6720,6720,6720,6720,6720,6720,6720,6720,6720,6720,6720,6720,6720,6720,6720,6720,6720,6720,6720,6720,6720,6720,6720,6720,6720,6720,6720,6720,6720,6720,6720,6720,6720,6720,6720,6720,6720,6720,6720,6720,6720,6720,6720,6720,6720,6720,6720,6720,6720,6720,6720,6720,6720,6720,6720,6720,6720,6720,6720,6720,6720,6720,6720,6720,6720,6720,6720,6720,6720,6720,6720,6720,6720,6720,6720,6720,6720,6720,6720,6720,6720,6720,6720,6720,6720,6720,6720,6720}),sRuDiNYmcnYxyLACpgjutZnPGqmCnnNQLLlgnFCeYCimdleJhvoACRKbsKeUtiNWCukZrkGftbnuVbKZzvQYWdHjZvXYbCRpyyFa({6720,6720,6720,6720,6720,6720,6720,6720,6720,6720,6720,6720,6720,6720,6720,6720,6720,6720,6720,6720,6720,6720,6720,6720,6720,6720,6720,6720,6720,6720,6720,6720,6720,6720,6720,6720,6720,6720,6720,6720,6720,6720,6720,6720,6720,6720,6720,6720,6720,6720,6720,6720,6720,6720,6720,6720,6720,6720,6720,6720,6720,6720,6720,6720,6720,6720,6720,6720,6720,6720,6720,6720,6720,6720,6720,6720,6720,6720,6720,6720,6720,6720,6720,6720,6720,6720,6720,6720,6720,6720,6720,6720,6720,6720,6720,6720,6720,6720,6720,6720,6720,6720,6720,6720,6720,6720,6720,6720,6720,6720,6720,6720,6720,6720,6720,6720,6720}),sRuDiNYmcnYxyLACpgjutZnPGqmCnnNQLLlgnFCeYCimdleJhvoACRKbsKeUtiNWCukZrkGftbnuVbKZzvQYWdHjZvXYbCRpyyFa({6720,6720,6720,6720,6720,6720,6720,6720,6720,6720,6720,6720,6720,6720,6720,6720,6720,6720,6720,6720,6720,6720,6720,6720,6720,6720,6720,6720,6720,6720,6720,6720,6720,6720,6720,6720,6720,6720,6720,6720,6720,6720,6720,6720,6720,6720,6720,6720,6720,6720,6720,6720,6720,6720,6720,6720,6720,6720,6720,6720,6720,6720,6720,6720,6720,6720,6720,6720,6720,6720,6720,6720,6720,6720,6720,6720,6720,6720,6720,6720,6720,6720,6720,6720,6720,6720,6720,6720,6720,6720,6720,6720,6720,6720,6720,6720,6720,6720,6720,6720,6720,6720}),sRuDiNYmcnYxyLACpgjutZnPGqmCnnNQLLlgnFCeYCimdleJhvoACRKbsKeUtiNWCukZrkGftbnuVbKZzvQYWdHjZvXYbCRpyyFa({6720,6720,6720,6720,6720,6720,6720,6720,6720,6720,6720,6720,6720,6720,6720,6720,6720,6720,6720,6720,6720,6720,6720,6720,6720,6720,6720,6720,6720,6720,6720,6720,6720,6720,6720,6720,6720,6720,6720,6720,6720,6720,6720,6720,6720,6720,6720,6720,6720,6720,6720,6720,6720,6720,6720,6720,6720,6720,6720,6720,6720,6720,6720,6720,6720,6720,6720,6720,6720,6720,6720,6720,6720,6720,6720,6720,6720,6720,6720,6720,6720,6720,6720,6720,6720,6720,6720,6720,6720,6720,6720,6720,6720,6720,6720,6720,6720,6720,6720,6720,6720,6720,6720,6720,6720}),sRuDiNYmcnYxyLACpgjutZnPGqmCnnNQLLlgnFCeYCimdleJhvoACRKbsKeUtiNWCukZrkGftbnuVbKZzvQYWdHjZvXYbCRpyyFa({6720,6720,6720,6720,6720,6720,6720,6720,6720,6720,6720,6720,6720,6720,6720,6720,6720,6720,6720,6720,6720,6720,6720,6720,6720,6720,6720,6720,6720,6720,6720,6720,6720,6720,6720,6720,6720,6720,6720,6720,6720,6720,6720,6720,6720,6720,6720,6720,6720,6720,6720,6720,6720,6720,6720,6720,6720,6720,6720,6720,6720,6720,6720,6720,6720,6720,6720,6720,6720,6720,6720,6720,6720,6720,6720,6720,6720,6720,6720,6720,6720,6720,6720,6720,6720,6720,6720,6720,6720,6720,6720,6720,6720,6720,6720,6720,6720,6720}),sRuDiNYmcnYxyLACpgjutZnPGqmCnnNQLLlgnFCeYCimdleJhvoACRKbsKeUtiNWCukZrkGftbnuVbKZzvQYWdHjZvXYbCRpyyFa({6720,6720,6720,6720,6720,6720,6720,6720,6720,6720,6720,6720,6720,6720,6720,6720,6720,6720,6720,6720,6720,6720,6720,6720,6720,6720,6720,6720,6720,6720,6720,6720,6720,6720,6720,6720,6720,6720,6720,6720,6720,6720,6720,6720,6720,6720,6720,6720,6720,6720,6720,6720,6720,6720,6720,6720,6720,6720,6720,6720,6720,6720,6720,6720,6720,6720,6720,6720,6720,6720,6720,6720,6720,6720,6720,6720,6720,6720,6720,6720,6720,6720,6720,6720,6720,6720,6720,6720,6720,6720,6720,6720,6720,6720,6720,6720,6720,6720,6720,6720,6720,6720,6720,6720,6720,6720,6720,6720,6720,6720,6720,6720,6720,6720,6720,6720,6720}),sRuDiNYmcnYxyLACpgjutZnPGqmCnnNQLLlgnFCeYCimdleJhvoACRKbsKeUtiNWCukZrkGftbnuVbKZzvQYWdHjZvXYbCRpyyFa({6720,6720,6720,6720,6720,6720,6720,6720,6720,6720,6720,6720,6720,6720,6720,6720,6720,6720,6720,6720,6720,6720,6720,6720,6720,6720,6720,6720,6720,6720,6720,6720,6720,6720,6720,6720,6720,6720,6720,6720,6720,6720,6720,6720,6720,6720,6720,6720,6720,6720,6720,6720,6720,6720,6720,6720,6720,6720,6720,6720,6720,6720,6720,6720,6720,6720,6720,6720,6720,6720,6720,6720,6720,6720,6720,6720,6720,6720,6720,6720,6720,6720,6720,6720,6720,6720,6720,6720,6720,6720,6720,6720,6720,6720,6720,6720,6720,6720,6720,6720,6720,6720}),sRuDiNYmcnYxyLACpgjutZnPGqmCnnNQLLlgnFCeYCimdleJhvoACRKbsKeUtiNWCukZrkGftbnuVbKZzvQYWdHjZvXYbCRpyyFa({6720,6720,6720,6720,6720,6720,6720,6720,6720,6720,6720,6720,6720,6720,6720,6720,6720,6720,6720,6720,6720,6720,6720,6720,6720,6720,6720,6720,6720,6720,6720,6720,6720,6720,6720,6720,6720,6720,6720,6720,6720,6720,6720,6720,6720,6720,6720,6720,6720,6720,6720,6720,6720,6720,6720,6720,6720,6720,6720,6720,6720,6720,6720,6720,6720,6720,6720,6720,6720,6720,6720,6720,6720,6720,6720,6720,6720,6720,6720,6720,6720,6720,6720,6720,6720,6720,6720,6720,6720,6720,6720,6720,6720,6720,6720,6720,6720,6720,6720,6720,6720,6720,6720}),sRuDiNYmcnYxyLACpgjutZnPGqmCnnNQLLlgnFCeYCimdleJhvoACRKbsKeUtiNWCukZrkGftbnuVbKZzvQYWdHjZvXYbCRpyyFa({6720,6720,6720,6720,6720,6720,6720,6720,6720,6720,6720,6720,6720,6720,6720,6720,6720,6720,6720,6720,6720,6720,6720,6720,6720,6720,6720,6720,6720,6720,6720,6720,6720,6720,6720,6720,6720,6720,6720,6720,6720,6720,6720,6720,6720,6720,6720,6720,6720,6720,6720,6720,6720,6720,6720}),sRuDiNYmcnYxyLACpgjutZnPGqmCnnNQLLlgnFCeYCimdleJhvoACRKbsKeUtiNWCukZrkGftbnuVbKZzvQYWdHjZvXYbCRpyyFa({6720,6720,6720,6720,6720,6720,6720,6720,6720,6720,6720,6720,6720,6720,6720,6720,6720,6720,6720,6720,6720,6720,6720,6720,6720,6720,6720,6720,6720,6720,6720,6720,6720,6720,6720,6720,6720,6720,6720,6720,6720,6720,6720,6720,6720,6720,6720}),sRuDiNYmcnYxyLACpgjutZnPGqmCnnNQLLlgnFCeYCimdleJhvoACRKbsKeUtiNWCukZrkGftbnuVbKZzvQYWdHjZvXYbCRpyyFa({6720,6720,6720,6720,6720,6720,6720,6720,6720,6720,6720,6720,6720,6720,6720,6720,6720,6720,6720,6720,6720,6720,6720,6720,6720,6720,6720,6720,6720,6720,6720,6720,6720,6720,6720,6720,6720,6720,6720,6720,6720,6720,6720,6720,6720,6720,6720,6720,6720}),sRuDiNYmcnYxyLACpgjutZnPGqmCnnNQLLlgnFCeYCimdleJhvoACRKbsKeUtiNWCukZrkGftbnuVbKZzvQYWdHjZvXYbCRpyyFa({6720,6720,6720,6720,6720,6720,6720,6720,6720,6720,6720,6720,6720,6720,6720,6720,6720,6720,6720,6720,6720,6720,6720,6720,6720,6720,6720,6720,6720,6720,6720,6720,6720,6720,6720,6720,6720,6720,6720,6720,6720,6720,6720,6720,6720,6720,6720,6720}),sRuDiNYmcnYxyLACpgjutZnPGqmCnnNQLLlgnFCeYCimdleJhvoACRKbsKeUtiNWCukZrkGftbnuVbKZzvQYWdHjZvXYbCRpyyFa({6720,6720,6720,6720,6720,6720,6720,6720,6720,6720,6720,6720,6720,6720,6720,6720,6720,6720,6720,6720,6720,6720,6720,6720,6720,6720,6720,6720,6720,6720,6720,6720,6720,6720,6720,6720,6720,6720,6720,6720,6720,6720,6720,6720,6720,6720,6720,6720,6720,6720,6720,6720,6720}),sRuDiNYmcnYxyLACpgjutZnPGqmCnnNQLLlgnFCeYCimdleJhvoACRKbsKeUtiNWCukZrkGftbnuVbKZzvQYWdHjZvXYbCRpyyFa({6720,6720,6720,6720,6720,6720,6720,6720,6720,6720,6720,6720,6720,6720,6720,6720,6720,6720,6720,6720,6720,6720,6720,6720,6720,6720,6720,6720,6720,6720,6720,6720,6720,6720,6720,6720,6720,6720,6720,6720,6720,6720,6720,6720,6720,6720,6720,6720,6720}),sRuDiNYmcnYxyLACpgjutZnPGqmCnnNQLLlgnFCeYCimdleJhvoACRKbsKeUtiNWCukZrkGftbnuVbKZzvQYWdHjZvXYbCRpyyFa({6720,6720,6720,6720,6720,6720,6720,6720,6720,6720,6720,6720,6720,6720,6720,6720,6720,6720,6720,6720,6720,6720,6720,6720,6720,6720,6720,6720,6720,6720,6720,6720,6720,6720,6720,6720,6720,6720,6720,6720,6720,6720,6720,6720,6720,6720,6720,6720}),sRuDiNYmcnYxyLACpgjutZnPGqmCnnNQLLlgnFCeYCimdleJhvoACRKbsKeUtiNWCukZrkGftbnuVbKZzvQYWdHjZvXYbCRpyyFa({6720,6720,6720,6720,6720,6720,6720,6720,6720,6720,6720,6720,6720,6720,6720,6720,6720,6720,6720,6720,6720,6720,6720,6720,6720,6720,6720,6720,6720,6720,6720,6720,6720,6720,6720,6720,6720,6720,6720,6720,6720,6720,6720,6720,6720,6720,6720,6720,6720,6720}),sRuDiNYmcnYxyLACpgjutZnPGqmCnnNQLLlgnFCeYCimdleJhvoACRKbsKeUtiNWCukZrkGftbnuVbKZzvQYWdHjZvXYbCRpyyFa({6720,6720,6720,6720,6720,6720,6720,6720,6720,6720,6720,6720,6720,6720,6720,6720,6720,6720,6720,6720,6720,6720,6720,6720,6720,6720,6720,6720,6720,6720,6720,6720,6720,6720,6720,6720,6720,6720,6720,6720,6720,6720,6720,6720,6720,6720,6720,6720,6720,6720,6720,6720,6720,6720,6720,6720,6720}),sRuDiNYmcnYxyLACpgjutZnPGqmCnnNQLLlgnFCeYCimdleJhvoACRKbsKeUtiNWCukZrkGftbnuVbKZzvQYWdHjZvXYbCRpyyFa({6720,6720,6720,6720,6720,6720,6720,6720,6720,6720,6720,6720,6720,6720,6720,6720,6720,6720,6720,6720,6720,6720,6720,6720,6720,6720,6720,6720,6720,6720,6720,6720,6720,6720,6720,6720,6720,6720,6720,6720,6720,6720,6720,6720,6720,6720,6720,6720,6720,6720,6720,6720,6720,6720,6720,6720}),sRuDiNYmcnYxyLACpgjutZnPGqmCnnNQLLlgnFCeYCimdleJhvoACRKbsKeUtiNWCukZrkGftbnuVbKZzvQYWdHjZvXYbCRpyyFa({6720,6720,6720,6720,6720,6720,6720,6720,6720,6720,6720,6720,6720,6720,6720,6720,6720,6720,6720,6720,6720,6720,6720,6720,6720,6720,6720,6720,6720,6720,6720,6720,6720,6720,6720,6720,6720,6720,6720,6720,6720,6720,6720,6720,6720,6720,6720}),sRuDiNYmcnYxyLACpgjutZnPGqmCnnNQLLlgnFCeYCimdleJhvoACRKbsKeUtiNWCukZrkGftbnuVbKZzvQYWdHjZvXYbCRpyyFa({6720,6720,6720,6720,6720,6720,6720,6720,6720,6720,6720,6720,6720,6720,6720,6720,6720,6720,6720,6720,6720,6720,6720,6720,6720,6720,6720,6720,6720,6720,6720,6720,6720,6720,6720,6720,6720,6720,6720,6720,6720,6720,6720,6720,6720,6720,6720,6720,6720,6720,6720,6720,6720,6720,6720,6720,6720,6720,6720,6720,6720,6720,6720,6720,6720,6720,6720,6720,6720,6720,6720,6720,6720,6720,6720,6720,6720,6720,6720,6720,6720,6720,6720,6720,6720,6720,6720,6720,6720,6720,6720,6720,6720,6720,6720,6720,6720,6720,6720,6720,6720,6720,6720,6720,6720,6720,6720,6720,6720,6720,6720,6720,6720,6720}),sRuDiNYmcnYxyLACpgjutZnPGqmCnnNQLLlgnFCeYCimdleJhvoACRKbsKeUtiNWCukZrkGftbnuVbKZzvQYWdHjZvXYbCRpyyFa({6720,6720,6720,6720,6720,6720,6720,6720,6720,6720,6720,6720,6720,6720,6720,6720,6720,6720,6720,6720,6720,6720,6720,6720,6720,6720,6720,6720,6720,6720,6720,6720,6720,6720,6720,6720,6720,6720,6720,6720,6720,6720,6720,6720,6720,6720,6720,6720,6720,6720,6720,6720,6720,6720,6720,6720,6720,6720,6720,6720,6720,6720,6720,6720,6720,6720,6720,6720,6720,6720,6720,6720,6720,6720,6720,6720,6720,6720,6720,6720,6720,6720,6720,6720,6720,6720,6720,6720,6720,6720,6720,6720,6720,6720,6720,6720,6720,6720,6720,6720,6720}),sRuDiNYmcnYxyLACpgjutZnPGqmCnnNQLLlgnFCeYCimdleJhvoACRKbsKeUtiNWCukZrkGftbnuVbKZzvQYWdHjZvXYbCRpyyFa({6720,6720,6720,6720,6720,6720,6720,6720,6720,6720,6720,6720,6720,6720,6720,6720,6720,6720,6720,6720,6720,6720,6720,6720,6720,6720,6720,6720,6720,6720,6720,6720,6720,6720,6720,6720,6720,6720,6720,6720,6720,6720,6720,6720,6720,6720,6720,6720,6720,6720,6720,6720,6720,6720,6720,6720,6720,6720,6720,6720,6720,6720,6720,6720,6720,6720,6720,6720,6720,6720,6720,6720,6720,6720,6720,6720,6720,6720,6720,6720,6720,6720,6720,6720,6720,6720,6720,6720,6720,6720,6720,6720,6720,6720,6720,6720,6720,6720,6720,6720,6720,6720}),sRuDiNYmcnYxyLACpgjutZnPGqmCnnNQLLlgnFCeYCimdleJhvoACRKbsKeUtiNWCukZrkGftbnuVbKZzvQYWdHjZvXYbCRpyyFa({6720,6720,6720,6720,6720,6720,6720,6720,6720,6720,6720,6720,6720,6720,6720,6720,6720,6720,6720,6720,6720,6720,6720,6720,6720,6720,6720,6720,6720,6720,6720,6720,6720,6720,6720,6720,6720,6720,6720,6720,6720,6720,6720,6720,6720,6720,6720,6720,6720,6720,6720,6720,6720,6720,6720,6720,6720,6720,6720,6720,6720,6720,6720,6720,6720,6720,6720,6720,6720,6720,6720,6720,6720,6720,6720,6720,6720,6720,6720,6720,6720,6720,6720,6720,6720,6720,6720,6720,6720,6720,6720,6720,6720,6720,6720,6720,6720,6720,6720,6720,6720,6720,6720,6720,6720,6720,6720,6720,6720,6720,6720,6720,6720,6720,6720}),sRuDiNYmcnYxyLACpgjutZnPGqmCnnNQLLlgnFCeYCimdleJhvoACRKbsKeUtiNWCukZrkGftbnuVbKZzvQYWdHjZvXYbCRpyyFa({6720,6720,6720,6720,6720,6720,6720,6720,6720,6720,6720,6720,6720,6720,6720,6720,6720,6720,6720,6720,6720,6720,6720,6720,6720,6720,6720,6720,6720,6720,6720,6720,6720,6720,6720,6720,6720,6720,6720,6720,6720,6720,6720,6720,6720,6720,6720}),sRuDiNYmcnYxyLACpgjutZnPGqmCnnNQLLlgnFCeYCimdleJhvoACRKbsKeUtiNWCukZrkGftbnuVbKZzvQYWdHjZvXYbCRpyyFa({6720,6720,6720,6720,6720,6720,6720,6720,6720,6720,6720,6720,6720,6720,6720,6720,6720,6720,6720,6720,6720,6720,6720,6720,6720,6720,6720,6720,6720,6720,6720,6720,6720,6720,6720,6720,6720,6720,6720,6720,6720,6720,6720,6720,6720,6720,6720,6720,6720,6720,6720,6720,6720,6720,6720,6720,6720,6720,6720,6720,6720,6720,6720,6720,6720,6720,6720,6720,6720,6720,6720,6720,6720,6720,6720,6720,6720,6720,6720,6720,6720,6720,6720,6720,6720,6720,6720,6720,6720,6720,6720,6720,6720,6720,6720,6720,6720,6720,6720,6720,6720,6720,6720,6720}),sRuDiNYmcnYxyLACpgjutZnPGqmCnnNQLLlgnFCeYCimdleJhvoACRKbsKeUtiNWCukZrkGftbnuVbKZzvQYWdHjZvXYbCRpyyFa({6720,6720,6720,6720,6720,6720,6720,6720,6720,6720,6720,6720,6720,6720,6720,6720,6720,6720,6720,6720,6720,6720,6720,6720,6720,6720,6720,6720,6720,6720,6720,6720,6720,6720,6720,6720,6720,6720,6720,6720,6720,6720,6720,6720,6720,6720,6720,6720,6720,6720,6720,6720,6720,6720,6720,6720,6720,6720,6720,6720,6720,6720,6720,6720,6720,6720,6720,6720,6720,6720,6720,6720,6720,6720,6720,6720,6720,6720,6720,6720,6720,6720,6720,6720,6720,6720,6720,6720,6720,6720,6720,6720,6720,6720,6720,6720,6720,6720,6720,6720,6720}),sRuDiNYmcnYxyLACpgjutZnPGqmCnnNQLLlgnFCeYCimdleJhvoACRKbsKeUtiNWCukZrkGftbnuVbKZzvQYWdHjZvXYbCRpyyFa({6720,6720,6720,6720,6720,6720,6720,6720,6720,6720,6720,6720,6720,6720,6720,6720,6720,6720,6720,6720,6720,6720,6720,6720,6720,6720,6720,6720,6720,6720,6720,6720,6720,6720,6720,6720,6720,6720,6720,6720,6720,6720,6720,6720,6720,6720,6720,6720,6720,6720,6720,6720,6720,6720,6720,6720,6720,6720,6720,6720,6720,6720,6720,6720,6720,6720,6720,6720,6720,6720,6720,6720,6720,6720,6720,6720,6720,6720,6720,6720,6720,6720,6720,6720,6720,6720,6720,6720,6720,6720,6720,6720,6720,6720,6720,6720,6720}),sRuDiNYmcnYxyLACpgjutZnPGqmCnnNQLLlgnFCeYCimdleJhvoACRKbsKeUtiNWCukZrkGftbnuVbKZzvQYWdHjZvXYbCRpyyFa({6720,6720,6720,6720,6720,6720,6720,6720,6720,6720,6720,6720,6720,6720,6720,6720,6720,6720,6720,6720,6720,6720,6720,6720,6720,6720,6720,6720,6720,6720,6720,6720,6720,6720,6720,6720,6720,6720,6720,6720,6720,6720,6720,6720,6720,6720,6720,6720,6720,6720,6720,6720,6720,6720,6720,6720,6720,6720,6720,6720,6720,6720,6720,6720,6720,6720,6720,6720,6720,6720,6720,6720,6720,6720,6720,6720,6720,6720,6720,6720,6720,6720,6720,6720,6720,6720,6720,6720,6720,6720,6720,6720,6720,6720,6720,6720,6720,6720,6720,6720}),sRuDiNYmcnYxyLACpgjutZnPGqmCnnNQLLlgnFCeYCimdleJhvoACRKbsKeUtiNWCukZrkGftbnuVbKZzvQYWdHjZvXYbCRpyyFa({6720,6720,6720,6720,6720,6720,6720,6720,6720,6720,6720,6720,6720,6720,6720,6720,6720,6720,6720,6720,6720,6720,6720,6720,6720,6720,6720,6720,6720,6720,6720,6720,6720,6720,6720,6720,6720,6720,6720,6720,6720,6720,6720,6720,6720,6720,6720,6720,6720,6720,6720,6720,6720,6720,6720,6720,6720,6720,6720,6720,6720,6720,6720,6720,6720,6720,6720,6720,6720,6720,6720,6720,6720,6720,6720,6720,6720,6720,6720,6720,6720,6720,6720,6720,6720,6720,6720,6720,6720,6720,6720,6720,6720,6720,6720,6720,6720,6720,6720,6720,6720,6720,6720,6720,6720,6720,6720,6720,6720,6720,6720,6720,6720,6720,6720}),sRuDiNYmcnYxyLACpgjutZnPGqmCnnNQLLlgnFCeYCimdleJhvoACRKbsKeUtiNWCukZrkGftbnuVbKZzvQYWdHjZvXYbCRpyyFa({6720,6720,6720,6720,6720,6720,6720,6720,6720,6720,6720,6720,6720,6720,6720,6720,6720,6720,6720,6720,6720,6720,6720,6720,6720,6720,6720,6720,6720,6720,6720,6720,6720,6720,6720,6720,6720,6720,6720,6720,6720,6720,6720,6720,6720,6720,6720}),sRuDiNYmcnYxyLACpgjutZnPGqmCnnNQLLlgnFCeYCimdleJhvoACRKbsKeUtiNWCukZrkGftbnuVbKZzvQYWdHjZvXYbCRpyyFa({6720,6720,6720,6720,6720,6720,6720,6720,6720,6720,6720,6720,6720,6720,6720,6720,6720,6720,6720,6720,6720,6720,6720,6720,6720,6720,6720,6720,6720,6720,6720,6720,6720,6720,6720,6720,6720,6720,6720,6720,6720,6720,6720,6720,6720,6720,6720,6720,6720,6720,6720,6720,6720,6720,6720,6720,6720,6720,6720,6720,6720,6720,6720,6720,6720,6720,6720,6720,6720,6720,6720,6720,6720,6720,6720,6720,6720,6720,6720,6720,6720,6720,6720,6720,6720,6720,6720,6720,6720,6720,6720,6720,6720,6720,6720,6720,6720,6720,6720,6720,6720,6720,6720,6720,6720,6720,6720,6720,6720}),sRuDiNYmcnYxyLACpgjutZnPGqmCnnNQLLlgnFCeYCimdleJhvoACRKbsKeUtiNWCukZrkGftbnuVbKZzvQYWdHjZvXYbCRpyyFa({6720,6720,6720,6720,6720,6720,6720,6720,6720,6720,6720,6720,6720,6720,6720,6720,6720,6720,6720,6720,6720,6720,6720,6720,6720,6720,6720,6720,6720,6720,6720,6720,6720,6720,6720,6720,6720,6720,6720,6720,6720,6720,6720,6720,6720,6720,6720,6720,6720,6720,6720,6720,6720,6720,6720,6720,6720,6720,6720,6720,6720,6720,6720,6720,6720,6720,6720,6720,6720,6720,6720,6720,6720,6720,6720,6720,6720,6720,6720,6720,6720,6720,6720,6720,6720,6720,6720,6720,6720,6720,6720,6720,6720,6720,6720,6720,6720}),sRuDiNYmcnYxyLACpgjutZnPGqmCnnNQLLlgnFCeYCimdleJhvoACRKbsKeUtiNWCukZrkGftbnuVbKZzvQYWdHjZvXYbCRpyyFa({6720,6720,6720,6720,6720,6720,6720,6720,6720,6720,6720,6720,6720,6720,6720,6720,6720,6720,6720,6720,6720,6720,6720,6720,6720,6720,6720,6720,6720,6720,6720,6720,6720,6720,6720,6720,6720,6720,6720,6720,6720,6720,6720,6720,6720,6720,6720,6720,6720,6720,6720,6720,6720,6720,6720,6720,6720,6720,6720,6720,6720,6720,6720,6720,6720,6720,6720,6720,6720,6720,6720,6720,6720,6720,6720,6720,6720,6720,6720,6720,6720,6720,6720,6720,6720,6720,6720,6720,6720,6720,6720,6720,6720,6720,6720,6720,6720,6720,6720,6720,6720,6720,6720,6720,6720}),sRuDiNYmcnYxyLACpgjutZnPGqmCnnNQLLlgnFCeYCimdleJhvoACRKbsKeUtiNWCukZrkGftbnuVbKZzvQYWdHjZvXYbCRpyyFa({6720,6720,6720,6720,6720,6720,6720,6720,6720,6720,6720,6720,6720,6720,6720,6720,6720,6720,6720,6720,6720,6720,6720,6720,6720,6720,6720,6720,6720,6720,6720,6720,6720,6720,6720,6720,6720,6720,6720,6720,6720,6720,6720,6720,6720,6720,6720,6720,6720,6720,6720,6720,6720,6720,6720,6720,6720,6720,6720,6720,6720,6720,6720,6720,6720,6720,6720,6720,6720,6720,6720,6720,6720,6720,6720,6720,6720,6720,6720,6720,6720,6720,6720,6720,6720,6720,6720,6720,6720,6720,6720,6720,6720,6720,6720,6720,6720,6720,6720,6720,6720,6720,6720,6720,6720,6720,6720,6720,6720,6720}),sRuDiNYmcnYxyLACpgjutZnPGqmCnnNQLLlgnFCeYCimdleJhvoACRKbsKeUtiNWCukZrkGftbnuVbKZzvQYWdHjZvXYbCRpyyFa({6720,6720,6720,6720,6720,6720,6720,6720,6720,6720,6720,6720,6720,6720,6720,6720,6720,6720,6720,6720,6720,6720,6720,6720,6720,6720,6720,6720,6720,6720,6720,6720,6720,6720,6720,6720,6720,6720,6720,6720,6720,6720,6720,6720,6720,6720,6720}),sRuDiNYmcnYxyLACpgjutZnPGqmCnnNQLLlgnFCeYCimdleJhvoACRKbsKeUtiNWCukZrkGftbnuVbKZzvQYWdHjZvXYbCRpyyFa({6720,6720,6720,6720,6720,6720,6720,6720,6720,6720,6720,6720,6720,6720,6720,6720,6720,6720,6720,6720,6720,6720,6720,6720,6720,6720,6720,6720,6720,6720,6720,6720,6720,6720,6720,6720,6720,6720,6720,6720,6720,6720,6720,6720,6720,6720,6720,6720,6720,6720,6720,6720,6720,6720,6720,6720,6720,6720,6720,6720,6720,6720,6720,6720,6720,6720}),sRuDiNYmcnYxyLACpgjutZnPGqmCnnNQLLlgnFCeYCimdleJhvoACRKbsKeUtiNWCukZrkGftbnuVbKZzvQYWdHjZvXYbCRpyyFa({6720,6720,6720,6720,6720,6720,6720,6720,6720,6720,6720,6720,6720,6720,6720,6720,6720,6720,6720,6720,6720,6720,6720,6720,6720,6720,6720,6720,6720,6720,6720,6720,6720,6720,6720,6720,6720,6720,6720,6720,6720,6720,6720,6720,6720,6720,6720,6720,6720,6720,6720,6720,6720,6720,6720,6720,6720,6720,6720,6720,6720,6720,6720,6720,6720,6720,6720,6720,6720,6720,6720,6720,6720,6720,6720,6720,6720,6720,6720,6720,6720,6720,6720,6720,6720,6720,6720,6720,6720,6720,6720,6720,6720,6720,6720,6720,6720,6720}),sRuDiNYmcnYxyLACpgjutZnPGqmCnnNQLLlgnFCeYCimdleJhvoACRKbsKeUtiNWCukZrkGftbnuVbKZzvQYWdHjZvXYbCRpyyFa({6720,6720,6720,6720,6720,6720,6720,6720,6720,6720,6720,6720,6720,6720,6720,6720,6720,6720,6720,6720,6720,6720,6720,6720,6720,6720,6720,6720,6720,6720,6720,6720,6720,6720,6720,6720,6720,6720,6720,6720,6720,6720,6720,6720,6720,6720,6720,6720,6720,6720,6720,6720,6720,6720,6720,6720,6720,6720,6720,6720,6720,6720,6720,6720,6720,6720,6720,6720,6720,6720,6720,6720,6720,6720,6720,6720,6720,6720,6720,6720,6720,6720,6720,6720,6720,6720,6720,6720,6720,6720,6720,6720,6720,6720,6720,6720,6720,6720}),sRuDiNYmcnYxyLACpgjutZnPGqmCnnNQLLlgnFCeYCimdleJhvoACRKbsKeUtiNWCukZrkGftbnuVbKZzvQYWdHjZvXYbCRpyyFa({6720,6720,6720,6720,6720,6720,6720,6720,6720,6720,6720,6720,6720,6720,6720,6720,6720,6720,6720,6720,6720,6720,6720,6720,6720,6720,6720,6720,6720,6720,6720,6720,6720,6720,6720,6720,6720,6720,6720,6720,6720,6720,6720,6720,6720,6720}),sRuDiNYmcnYxyLACpgjutZnPGqmCnnNQLLlgnFCeYCimdleJhvoACRKbsKeUtiNWCukZrkGftbnuVbKZzvQYWdHjZvXYbCRpyyFa({6720,6720,6720,6720,6720,6720,6720,6720,6720,6720,6720,6720,6720,6720,6720,6720,6720,6720,6720,6720,6720,6720,6720,6720,6720,6720,6720,6720,6720,6720,6720,6720,6720,6720,6720,6720,6720,6720,6720,6720,6720,6720,6720,6720,6720,6720,6720,6720,6720,6720,6720,6720,6720,6720,6720,6720,6720,6720,6720,6720,6720,6720,6720,6720,6720,6720,6720,6720,6720,6720,6720,6720,6720,6720,6720,6720,6720,6720,6720,6720,6720,6720,6720,6720,6720,6720,6720,6720,6720,6720,6720,6720,6720,6720,6720,6720,6720,6720,6720,6720,6720,6720,6720,6720,6720,6720,6720,6720}),sRuDiNYmcnYxyLACpgjutZnPGqmCnnNQLLlgnFCeYCimdleJhvoACRKbsKeUtiNWCukZrkGftbnuVbKZzvQYWdHjZvXYbCRpyyFa({6720,6720,6720,6720,6720,6720,6720,6720,6720,6720,6720,6720,6720,6720,6720,6720,6720,6720,6720,6720,6720,6720,6720,6720,6720,6720,6720,6720,6720,6720,6720,6720,6720,6720,6720,6720,6720,6720,6720,6720,6720,6720,6720,6720,6720,6720,6720,6720,6720,6720,6720,6720,6720,6720,6720,6720,6720,6720,6720,6720,6720,6720,6720,6720,6720,6720,6720,6720,6720,6720,6720,6720,6720,6720,6720,6720,6720,6720,6720,6720,6720,6720,6720,6720,6720,6720,6720,6720,6720,6720,6720,6720,6720,6720,6720,6720,6720,6720,6720,6720,6720,6720,6720,6720,6720,6720,6720,6720,6720,6720,6720,6720,6720,6720,6720,6720,6720}),sRuDiNYmcnYxyLACpgjutZnPGqmCnnNQLLlgnFCeYCimdleJhvoACRKbsKeUtiNWCukZrkGftbnuVbKZzvQYWdHjZvXYbCRpyyFa({6720,6720,6720,6720,6720,6720,6720,6720,6720,6720,6720,6720,6720,6720,6720,6720,6720,6720,6720,6720,6720,6720,6720,6720,6720,6720,6720,6720,6720,6720,6720,6720,6720,6720,6720,6720,6720,6720,6720,6720,6720,6720,6720,6720,6720,6720,6720,6720,6720,6720,6720,6720,6720,6720,6720,6720,6720,6720,6720,6720,6720,6720,6720,6720,6720,6720,6720,6720,6720,6720,6720,6720,6720,6720,6720,6720,6720,6720,6720,6720,6720,6720,6720,6720,6720,6720,6720,6720,6720,6720,6720,6720,6720,6720,6720,6720,6720})})))()            